"Sale Price"	"Lot Size"	"Waterfront"	"Age"	"Central Air"	"Fuel Type"	"Condition"	"Living Area"	"Pct College"	"Full Baths"	"Half Baths"	"Bedrooms"	"Fireplaces"
320000	0.61	No	6	Yes	Oil	3	2492	64	2	1	4	1
215000	0.63	No	21	Yes	Gas	3	1792	64	1	1	3	0
125000	0.35	No	22	No	Gas	3	1040	63	1	0	3	0
158900	0.21	No	3	No	Oil	3	1292	52	2	0	3	1
82000	0.17	No	21	No	Oil	2	1412	57	2	1	2	0
219200	1.08	No	30	No	Oil	3	1735	61	1	1	4	1
125000	0.16	No	133	No	Oil	2	852	57	1	1	2	0
110000	0.15	No	18	No	Gas	3	988	52	1	1	2	0
179000	0.6	No	29	No	Oil	3	2128	60	1	1	3	1
264900	0.55	No	16	Yes	Oil	3	1897	63	2	1	4	1
208000	0.12	No	3	No	Oil	3	1242	33	2	0	2	0
126000	0.74	No	47	No	Oil	3	1200	64	1	0	3	1
164700	0.16	No	25	Yes	Oil	3	1602	54	1	1	2	1
339000	0.68	No	38	No	Gas	3	2132	57	1	0	3	0
150000	0.08	No	68	No	Oil	3	1392	57	1	0	3	0
425000	1	No	15	No	Oil	3	3210	75	2	1	3	1
437339	1.11	No	1	Yes	Oil	3	2645	62	2	1	3	1
232580	0.55	No	0	Yes	Oil	3	2328	52	2	1	3	1
146000	0.5	No	35	No	Oil	3	1984	64	1	1	3	0
207375	0.03	No	1	Yes	Oil	3	2048	64	2	1	4	1
175000	0.29	No	27	Yes	Oil	3	1836	63	1	1	4	1
387000	0.46	No	1	No	Oil	3	3249	51	2	1	4	1
410000	1	No	21	Yes	Oil	3	3012	57	2	1	4	1
239900	0.14	No	17	Yes	Oil	3	1935	63	2	1	4	1
250000	0.85	No	9	Yes	Oil	3	1940	57	2	0	3	0
224000	0.46	No	24	Yes	Oil	3	2487	62	1	1	4	0
124500	0.19	No	21	No	Gas	3	945	63	1	0	2	0
257500	0.56	No	10	Yes	Oil	3	3174	57	2	1	6	1
175000	1	No	42	No	Oil	3	2382	64	2	1	4	1
755000	1	No	15	No	Oil	3	3956	61	2	1	4	2
340455	0.38	No	0	Yes	Oil	3	2886	57	2	1	4	1
249900	0.42	No	23	Yes	Oil	3	1571	63	2	0	3	2
276000	0.21	No	62	Yes	Electric	3	1579	57	2	0	3	1
590000	0.86	No	20	Yes	Oil	4	3690	57	4	0	5	1
320000	0.25	No	5	No	Oil	3	1884	64	2	1	3	0
255000	0.92	No	5	No	Oil	3	1832	57	3	0	3	1
33000	0.74	No	10	No	Oil	3	375	63	1	0	1	0
145000	0.3	No	33	Yes	Oil	3	1368	57	1	1	3	0
135000	0.12	No	1	No	Oil	3	840	36	1	0	2	0
302459	0.72	No	0	Yes	Oil	3	2579	57	2	1	4	1
293550	0.48	No	6	No	Oil	3	2466	64	2	1	4	1
93805	0.13	No	0	No	Oil	3	840	51	1	1	2	0
475000	1.17	No	16	Yes	Gas	4	2560	62	2	1	3	1
158900	0.31	No	17	Yes	Oil	3	1508	52	1	1	3	1
332110	0.51	No	0	Yes	Oil	3	3515	64	2	1	4	1
199955	0.24	No	0	No	Oil	3	1338	64	2	0	2	1
422680	0.16	No	176	No	Oil	4	4486	51	4	0	6	1
173000	0.21	No	11	No	Oil	3	1064	64	2	0	2	1
87500	0.52	No	30	No	Oil	3	864	44	1	0	2	0
141160	0.17	No	20	No	Gas	3	912	40	1	1	2	0
140000	0.05	No	22	Yes	Oil	3	1479	63	1	1	3	1
132500	0.21	No	77	No	Oil	3	1379	36	1	0	3	0
189675	0.58	No	1	No	Oil	3	2092	52	2	1	3	1
175000	0.23	No	15	No	Oil	3	1052	54	1	1	2	1
160000	1	No	24	No	Oil	3	1537	64	1	1	3	0
107000	0.16	No	20	No	Gas	3	912	54	1	1	2	0
159450	0.17	No	94	No	Oil	3	1848	57	1	0	2	0
617000	0.75	No	1	Yes	Oil	3	3699	61	2	1	4	1
114900	0.15	No	18	No	Gas	3	908	54	1	0	2	0
232000	0.34	No	12	No	Oil	3	1877	63	2	1	3	0
115900	0.15	No	16	No	Gas	3	1385	52	1	1	2	0
186900	0.41	No	0	Yes	Oil	3	1820	64	2	1	3	1
360000	0.16	No	6	Yes	Oil	4	2208	62	2	1	3	1
183900	0.37	No	12	No	Oil	3	1728	44	1	1	3	0
250000	0.43	No	31	No	Oil	3	2226	64	2	1	4	1
339000	0.47	No	9	Yes	Oil	3	2492	63	2	1	4	1
624000	0.36	No	12	Yes	Oil	4	3484	52	3	1	4	1
184900	0.16	No	19	No	Gas	3	1511	51	2	0	3	0
110000	0.15	No	12	No	Gas	2	768	20	1	0	1	0
295000	0.25	No	14	Yes	Oil	3	2389	40	1	1	3	1
253000	0.47	No	33	Yes	Oil	3	2772	63	3	0	5	2
425000	0.55	No	13	No	Electric	3	2382	51	2	1	4	1
151000	0.15	No	19	No	Gas	3	1479	63	1	1	3	0
135000	0.35	No	22	Yes	Gas	2	1336	62	1	1	2	1
92000	0.31	No	17	No	Gas	3	924	64	1	0	2	1
210000	0.81	No	24	Yes	Gas	3	2212	64	2	1	4	1
430000	0.39	No	2	Yes	Oil	4	3090	57	2	1	4	1
299900	0.37	No	9	No	Oil	3	1750	64	2	1	4	0
211000	0.46	No	39	No	Oil	3	1560	64	1	1	3	0
158000	0.05	No	82	No	Oil	2	1272	64	2	0	3	0
239000	3.8	No	27	No	Electric	3	1720	50	2	0	3	1
183000	0.46	No	10	No	Oil	3	1868	64	2	1	4	1
219900	0.42	No	1	Yes	Oil	3	1917	63	2	0	3	1
231647	0.47	No	29	Yes	Oil	3	2676	63	2	1	4	1
135900	0.18	No	0	No	Oil	4	1498	64	1	1	2	1
142700	4.87	No	103	No	Electric	3	1554	52	1	1	3	0
161000	0.27	No	13	Yes	Oil	3	1391	52	2	0	3	1
115900	0.11	No	8	No	Gas	3	1086	57	1	1	3	0
142000	0.06	No	26	Yes	Oil	3	1452	63	2	1	3	1
110000	0.02	No	17	Yes	Oil	3	1281	64	1	1	2	0
99500	0.19	No	20	No	Oil	3	929	64	1	1	2	0
255000	0.94	No	14	Yes	Oil	3	2330	64	2	1	3	1
120000	0.26	No	19	No	Gas	3	924	63	1	1	2	0
56000	0.48	No	125	No	Electric	3	2152	64	2	0	6	0
382406	0.44	No	1	Yes	Oil	3	2712	51	2	1	4	1
129900	0.23	No	30	No	Oil	3	1368	57	1	1	3	0
162500	0.43	No	26	No	Electric	3	1456	63	1	0	3	1
230000	0.17	No	17	No	Oil	2	1930	62	1	1	3	0
152500	0.07	No	17	No	Oil	3	1480	40	2	1	2	1
255000	0.18	No	15	Yes	Oil	3	1512	40	1	1	3	1
359000	0.05	No	17	Yes	Oil	3	1402	62	2	0	2	1
336000	0.15	No	1	Yes	Oil	3	2592	57	3	0	3	0
300000	0.53	No	4	No	Oil	3	2619	63	2	1	4	1
124900	0.98	No	96	No	Electric	3	1522	54	2	0	4	0
154000	0.17	No	21	No	Gas	3	912	40	1	1	2	0
189900	0.46	No	22	Yes	Oil	3	2214	57	2	1	3	1
289550	0.26	No	27	Yes	Oil	3	1944	64	2	1	4	1
162000	0.62	No	7	No	Oil	3	1880	64	2	0	3	0
207000	0.32	No	19	No	Oil	3	1297	40	2	0	3	1
192000	0.52	No	18	No	Oil	3	2025	63	2	1	4	1
201745	0.5	No	0	No	Oil	3	2072	52	2	1	4	1
192000	0.42	No	35	No	Oil	3	2056	64	1	1	4	1
253605	0.37	No	0	No	Oil	3	2030	63	2	1	4	1
230000	0.22	No	18	Yes	Oil	3	1532	64	2	1	3	1
95300	0.94	No	40	Yes	Electric	3	1068	50	1	0	3	0
51000	0.19	No	103	No	Oil	3	1328	44	1	0	4	0
354900	0.72	No	6	Yes	Oil	3	1878	62	2	0	3	1
271000	0.48	No	15	No	Oil	3	2188	64	2	1	4	1
170784	0.37	No	1	No	Oil	3	1791	57	2	1	3	0
353845	0.26	No	1	Yes	Oil	3	2297	64	2	1	3	1
325046	0.5	No	1	No	Oil	3	2712	40	2	1	4	0
305555	0.38	No	0	Yes	Oil	3	2793	57	2	1	4	1
240000	2.26	No	26	No	Electric	3	2400	62	2	0	3	0
317172	0.66	No	0	Yes	Oil	3	3212	63	2	1	5	1
350000	0.09	No	1	Yes	Oil	3	1980	57	2	1	3	1
191500	0.88	No	33	No	Oil	3	2576	64	2	1	4	1
130000	0.07	No	17	Yes	Oil	3	1480	40	1	1	3	1
93625	0.19	No	0	No	Oil	3	840	51	1	1	2	0
135000	0.34	No	9	No	Oil	3	1004	36	1	0	3	0
130000	0.04	No	143	No	Oil	2	1166	64	1	1	3	1
231475	0.56	No	0	No	Oil	3	2673	64	2	1	4	1
392320	0.27	No	1	Yes	Oil	3	2604	61	2	1	4	1
265000	0.42	No	28	No	Oil	3	2310	61	2	1	4	1
187000	0.46	No	3	No	Oil	3	1858	52	2	1	3	1
329900	1	No	6	Yes	Oil	3	3356	71	3	1	5	1
229000	0.64	No	11	No	Oil	3	1900	57	1	1	3	1
76320	0.04	No	65	No	Gas	3	864	64	1	0	1	0
113300	0.2	No	69	No	Oil	3	1163	38	1	0	2	0
119480	0.09	No	19	No	Gas	3	1480	63	1	1	3	0
319900	1.03	No	6	No	Oil	3	2572	63	2	1	4	1
135000	0.16	No	18	No	Gas	3	912	54	1	1	2	0
267500	0.24	No	14	No	Oil	3	1822	40	2	0	3	0
78000	0.33	No	77	No	Electric	2	668	60	1	0	1	0
319900	0.44	No	1	Yes	Oil	3	1713	36	2	0	3	1
156500	0.16	No	22	No	Gas	3	912	51	1	1	2	1
135000	0.06	No	25	Yes	Oil	3	1280	63	1	1	2	1
418900	0.52	No	0	No	Oil	3	2718	61	2	1	4	1
105000	0.36	No	20	No	Gas	3	1144	63	1	1	2	0
224000	0.52	No	40	No	Oil	3	3074	64	2	1	7	1
169900	0.06	No	27	Yes	Oil	3	1452	64	1	1	3	1
153000	0.21	No	41	No	Oil	3	1064	35	1	1	3	0
180250	0.43	No	33	No	Oil	3	1612	64	1	1	3	0
115000	0.13	No	20	No	Gas	3	945	63	1	0	2	0
725000	0.21	No	3	Yes	Oil	3	2586	62	3	0	4	1
272000	0.3	No	8	No	Oil	3	2152	40	2	1	3	0
162000	0.31	No	18	No	Gas	3	1508	54	2	0	3	0
161000	0.59	No	37	No	Oil	3	1056	36	1	0	3	0
400000	7.82	No	43	Yes	Oil	3	1480	62	2	0	3	1
390900	0.41	No	1	No	Oil	3	3020	64	2	1	4	1
285558	0.21	No	0	No	Oil	4	2879	54	3	0	4	0
336000	0.27	No	6	Yes	Oil	3	1792	57	2	1	3	0
199000	0.03	No	8	Yes	Oil	3	1480	57	2	1	2	0
217905	0.25	No	0	No	Oil	3	1910	64	2	0	3	1
201900	0.27	No	11	No	Oil	3	1984	54	2	1	2	0
76320	0.15	No	68	No	Oil	3	1380	44	1	0	3	1
230000	0.52	No	7	No	Oil	3	1352	64	1	1	3	0
175000	0.29	No	28	Yes	Oil	3	1684	64	2	1	3	1
630000	0.18	No	3	No	Oil	3	3290	64	3	1	4	2
112500	0.17	No	38	No	Oil	3	925	62	1	0	3	0
311000	0.54	No	10	Yes	Oil	3	2120	40	2	1	3	0
159900	0.4	No	55	No	Gas	3	1284	36	1	0	4	0
363775	0.35	No	0	Yes	Oil	3	2450	57	2	1	3	0
173040	0.33	No	15	Yes	Oil	3	1508	52	2	0	3	1
119000	0.75	No	21	No	Oil	2	1055	57	1	0	2	0
138000	0.29	No	30	No	Oil	3	1279	57	1	0	3	1
130000	0.21	No	116	No	Oil	3	1536	35	1	0	3	0
85000	0.13	No	90	No	Oil	3	1560	44	2	0	3	0
88000	0.33	No	49	No	Oil	3	720	44	1	0	3	0
304200	0.47	No	39	Yes	Oil	3	1900	62	2	1	4	1
154900	0.48	No	33	No	Oil	3	1838	64	1	1	4	1
108000	0.16	No	19	No	Gas	3	1032	52	1	1	2	0
161000	0.09	No	25	Yes	Oil	3	1276	54	2	0	2	1
211150	1.5	No	14	No	Oil	3	1736	40	1	1	3	1
181280	0.39	No	26	No	Oil	3	2248	40	1	0	4	0
93775	0.13	No	0	No	Oil	3	840	36	1	0	2	0
371000	0.26	No	2	Yes	Oil	3	2741	64	2	1	4	1
178500	0.46	No	39	Yes	Oil	4	1698	71	3	0	2	1
128000	1	No	50	No	Electric	3	792	40	1	0	2	0
203000	0.04	No	19	Yes	Oil	3	1216	62	2	0	2	1
325000	0.51	No	7	No	Oil	3	2476	64	2	1	3	1
146900	0.65	No	38	No	Oil	3	2867	64	3	1	5	1
268500	0.53	No	34	No	Gas	3	1900	64	2	1	4	1
375000	0.03	No	19	Yes	Oil	3	1900	62	2	1	2	1
294500	0.97	No	1	No	Oil	4	3271	63	2	1	4	1
187000	0.21	No	27	No	Gas	3	1764	21	2	0	3	1
122000	0.12	No	31	Yes	Oil	3	1431	63	1	1	3	0
145000	0.16	No	16	Yes	Oil	3	1180	64	1	1	2	1
491556	0.48	No	1	Yes	Oil	4	3118	62	3	1	5	1
270000	0.09	Yes	53	No	Electric	3	1744	71	1	0	3	1
195000	0.98	No	6	No	Oil	3	1536	63	2	0	3	0
220000	0.5	No	30	No	Oil	3	2012	63	2	1	4	1
120000	0.18	No	16	Yes	Gas	3	1144	64	1	0	2	1
290000	0.61	No	2	Yes	Oil	4	2056	57	2	1	4	1
130000	1.24	No	51	No	Electric	3	1220	71	1	0	2	2
194575	0.18	No	1	Yes	Oil	3	1785	54	2	1	3	0
27500	0.54	No	16	No	Propane	3	1530	22	2	0	3	0
258000	0.49	No	5	No	Oil	3	2541	64	2	1	4	1
97000	0.21	No	81	No	Oil	3	1594	38	1	1	4	0
157900	0.06	No	14	No	Gas	3	1290	57	1	1	2	0
375000	2.79	No	175	No	Electric	4	2588	62	2	1	3	1
155000	1	No	7	No	Electric	3	2128	47	2	0	4	0
339900	0.87	No	18	Yes	Oil	3	3028	64	2	1	3	1
245000	0.68	No	14	No	Oil	3	2134	60	2	1	4	1
110000	0.16	No	17	No	Gas	3	1480	64	1	1	3	0
193900	0.23	No	0	Yes	Oil	3	1652	64	2	0	3	0
120000	0.29	No	19	No	Gas	3	1228	64	1	1	4	0
194750	0.47	No	37	No	Oil	3	1805	63	1	1	3	1
342365	1	No	0	No	Oil	3	2574	63	2	1	4	1
235000	1.24	No	38	Yes	Oil	3	2256	71	2	1	4	1
177400	0.48	No	0	No	Oil	3	1590	57	2	1	3	1
214500	0.47	No	34	Yes	Electric	3	1860	71	2	1	3	2
143700	0.84	No	29	No	Electric	3	1284	57	1	0	3	1
208000	0.47	No	53	No	Electric	3	1548	52	1	1	3	0
244500	0.55	No	38	No	Oil	3	2498	63	2	1	4	1
501500	0.23	No	49	Yes	Oil	3	2058	57	1	1	2	1
208000	0.41	No	33	Yes	Oil	3	1924	64	1	1	4	1
169000	0.36	No	18	No	Oil	3	1512	64	2	1	3	1
146000	0.11	No	19	Yes	Oil	3	1479	63	1	1	3	1
274900	0.72	No	18	Yes	Oil	3	1744	63	2	1	3	1
140000	0.15	No	19	No	Gas	3	1628	54	2	1	3	0
325000	0.45	No	22	No	Oil	3	2558	64	2	1	4	1
196000	1	No	5	No	Electric	3	2280	57	3	0	3	1
225000	0.24	No	18	Yes	Oil	3	1596	64	2	0	3	1
197141	0.16	No	0	Yes	Oil	3	1785	52	2	0	3	0
104000	0.1	No	17	Yes	Gas	3	924	64	1	0	2	1
125000	0.05	No	18	No	Oil	3	1568	57	1	1	3	0
274530	0.1	No	0	Yes	Oil	3	2545	63	2	1	4	1
205500	0.31	No	17	No	Gas	3	1486	54	1	1	3	1
138000	0.83	No	16	Yes	Oil	3	1851	44	2	1	3	1
266000	3.96	No	0	No	Electric	4	2240	43	2	1	4	0
122600	0.28	No	76	No	Oil	3	1456	38	1	0	3	0
192500	0.18	No	31	Yes	Oil	3	1600	64	1	1	3	0
296933	0.46	No	0	Yes	Oil	4	2912	64	2	1	4	1
212308	0.34	No	0	Yes	Oil	3	1820	64	2	0	3	1
240000	0.28	No	33	No	Oil	3	1979	61	2	0	4	1
128500	0.34	No	36	No	Oil	3	1368	52	1	0	3	0
126000	0.4	No	24	No	Gas	3	1344	64	1	1	3	1
328000	0.65	No	7	Yes	Oil	3	2164	61	2	1	3	1
124740	0.09	No	49	No	Oil	3	1332	33	2	0	2	0
189900	0.38	No	19	No	Gas	3	1632	63	2	1	3	1
221825	0.32	No	0	No	Oil	3	1977	63	2	1	3	1
165000	0.76	No	27	No	Gas	2	2016	27	1	1	2	1
260000	0.37	No	9	No	Oil	3	2088	36	2	1	3	0
190000	0.49	No	35	Yes	Oil	3	1850	64	2	1	4	1
299900	0.12	No	95	No	Electric	3	1176	62	1	1	2	0
280000	0.4	No	18	Yes	Oil	3	2056	60	2	1	3	1
325000	0.5	No	4	Yes	Oil	3	2253	40	2	1	4	1
585000	1	No	2	Yes	Oil	4	3284	57	2	1	4	1
397900	0.78	No	1	Yes	Oil	3	2842	61	2	1	4	1
188000	0.35	No	40	No	Oil	4	1837	64	1	1	3	1
259000	0.91	No	28	No	Electric	2	832	57	1	0	2	0
120000	0.26	No	15	Yes	Oil	3	1480	54	1	1	3	0
293500	0.15	No	75	No	Oil	3	1632	57	1	0	3	1
254208	0.29	No	0	No	Oil	3	2577	64	2	1	4	1
179000	0.55	No	8	Yes	Oil	3	1866	57	2	1	3	1
251000	0.33	No	30	Yes	Oil	3	1748	61	2	1	3	1
182500	0.75	No	38	No	Oil	3	1664	64	1	1	2	1
193000	0.46	No	1	Yes	Oil	3	2175	64	2	1	4	1
227000	1.8	No	201	No	Electric	4	1876	52	2	1	3	0
378500	0.53	No	20	Yes	Oil	3	2812	64	2	1	4	1
133000	1.29	No	14	Yes	Gas	3	1676	44	2	0	2	1
225000	0.95	No	15	No	Gas	3	1652	62	2	0	3	0
155000	1.59	No	131	No	Electric	2	1544	62	1	0	3	0
362000	3	No	6	Yes	Electric	3	1785	50	2	1	3	1
203070	0.24	No	0	Yes	Oil	3	1730	64	2	1	3	1
250000	0.62	No	14	Yes	Oil	3	1529	64	2	0	2	1
190000	4.04	No	1	No	Oil	3	1480	27	3	0	3	1
224695	0.24	No	0	Yes	Oil	3	1914	64	2	0	2	1
222500	0.69	No	15	No	Oil	3	1564	57	2	0	3	1
389000	0.5	No	6	No	Oil	3	2244	62	2	1	4	1
128000	0.17	No	21	No	Gas	3	908	40	1	0	2	0
210000	0.51	No	11	No	Oil	3	1320	63	2	0	3	0
250000	0.46	No	2	Yes	Oil	3	2392	57	2	1	4	1
139900	0.45	No	57	No	Electric	4	1509	71	1	0	3	0
137000	0.61	No	17	No	Gas	3	1404	38	2	0	3	1
150000	0.38	No	34	No	Oil	3	1668	62	1	1	4	1
140000	0.96	No	33	Yes	Electric	3	2912	51	2	0	3	1
320000	1.06	No	10	Yes	Oil	3	2282	77	2	1	3	1
325000	0.74	No	4	No	Oil	3	1920	62	2	1	3	1
247000	0.5	No	41	No	Oil	3	2812	64	2	1	4	1
161000	0.18	No	17	No	Gas	3	1460	39	2	0	2	0
226000	0.97	No	30	No	Propane	3	1426	50	1	0	3	0
196000	0.91	No	28	No	Oil	3	1478	50	1	0	3	0
205650	0.38	No	38	Yes	Oil	3	2051	63	2	1	3	1
98300	0.06	No	22	No	Oil	4	728	54	1	0	2	0
200000	4.92	No	15	No	Electric	3	1440	30	1	0	3	0
335000	2	No	20	Yes	Gas	3	3319	60	2	1	3	0
190000	0.29	No	1	No	Oil	3	1736	57	2	1	3	0
173000	0.12	No	125	No	Oil	3	1544	62	2	0	4	0
410000	0.48	No	30	No	Oil	3	2076	62	2	1	4	2
250000	0.4	No	25	Yes	Gas	3	2243	40	2	1	3	1
108000	0.22	No	28	No	Gas	3	960	57	1	0	2	0
191000	0.78	No	16	No	Electric	3	1684	36	1	1	4	0
292140	0.36	No	1	Yes	Oil	4	2061	52	2	0	4	1
230000	0.74	No	28	Yes	Oil	3	1056	52	1	1	3	1
215000	2	No	16	Yes	Electric	3	1900	41	2	0	3	1
202900	0.42	No	11	Yes	Oil	3	1696	35	2	0	3	0
415000	0.11	No	2	Yes	Oil	3	2242	62	2	1	3	0
372775	0.47	No	0	Yes	Oil	3	2673	57	2	1	4	1
190000	0.46	No	29	No	Oil	4	1308	35	1	0	3	0
234900	0.64	No	7	No	Oil	3	1860	64	2	1	3	1
111300	0.59	No	86	No	Oil	1	1959	51	1	0	3	0
260000	0.35	No	11	Yes	Oil	3	1971	63	2	1	4	0
221795	0.61	No	1	Yes	Oil	3	2200	41	2	1	4	1
237500	1	No	15	No	Electric	3	1776	62	1	1	3	1
186500	0.36	No	14	No	Oil	3	2108	64	2	1	3	0
202600	0.55	No	27	No	Oil	3	1939	63	1	0	4	1
169000	0.76	No	18	No	Gas	3	1733	54	1	1	3	0
200874	1	No	130	No	Oil	3	1322	62	1	0	3	0
239400	0.47	No	31	No	Oil	3	2696	63	2	1	4	1
318000	0.6	No	4	Yes	Oil	3	2064	61	2	1	4	1
266928	0.47	No	1	No	Oil	3	2668	63	2	1	4	1
270000	0.61	No	2	Yes	Oil	3	1352	50	2	0	2	1
264900	0.5	No	40	No	Oil	3	2652	63	3	1	5	1
148001	0.09	No	19	Yes	Gas	3	1276	54	2	0	3	1
247000	0.34	No	4	Yes	Oil	3	2251	52	2	1	4	1
140500	0.16	No	17	No	Gas	3	1592	54	1	1	3	0
171000	3.16	No	15	No	Gas	3	1008	52	1	0	2	0
300000	0.92	No	19	Yes	Electric	3	2144	36	2	1	3	1
690000	0.17	No	85	Yes	Oil	3	1764	62	2	1	4	1
177500	0.31	No	39	Yes	Oil	3	1096	36	1	1	3	0
366703	0.15	No	0	Yes	Gas	4	2117	57	2	1	3	1
215000	0.19	No	3	Yes	Oil	3	1666	33	2	1	3	0
215900	0.37	No	11	No	Oil	3	1680	35	1	1	3	0
277900	0.34	No	1	Yes	Oil	3	1431	50	2	0	3	1
205275	0.67	No	0	No	Oil	3	2486	52	2	1	4	1
134500	0.49	No	36	No	Gas	3	1040	64	1	0	3	0
151500	0.51	No	38	No	Oil	3	1660	57	1	1	4	0
420000	0.4	No	20	Yes	Oil	3	2894	75	3	1	4	1
206170	0.25	No	0	No	Oil	4	2374	52	2	1	4	1
159900	0.27	No	12	Yes	Oil	3	1597	41	2	1	4	1
239900	0.26	No	0	Yes	Oil	3	1774	63	2	0	3	1
530000	1.47	No	2	Yes	Oil	3	4859	63	3	1	5	2
89000	0.24	No	55	No	Oil	3	2039	40	1	0	3	0
286000	0.47	No	7	No	Oil	3	2004	63	2	1	4	1
204900	0.03	No	10	Yes	Oil	3	1616	64	2	0	3	0
160000	0.33	No	16	No	Oil	3	1365	52	2	0	3	1
319900	0.46	No	1	Yes	Oil	3	2460	61	2	1	4	1
153000	0.25	No	10	No	Oil	3	1542	54	2	1	3	0
155000	0.38	No	1	Yes	Oil	3	1386	44	2	0	4	0
388750	3.22	No	1	Yes	Oil	3	3642	54	2	1	4	1
157500	0.51	No	7	No	Oil	3	1328	52	1	1	3	0
263143	0.49	No	1	Yes	Oil	3	2460	63	2	1	4	1
49000	0.21	No	83	No	Electric	3	1548	22	1	1	3	0
227000	0.42	No	27	Yes	Oil	3	2620	63	2	1	5	1
182000	0.29	No	21	No	Oil	3	1932	63	1	1	3	0
282000	0.47	No	17	Yes	Oil	3	2086	64	2	1	4	1
215000	0.3	No	32	No	Oil	3	1778	64	1	1	3	1
279900	0.07	No	14	Yes	Oil	3	1744	57	2	1	3	1
249900	0.23	No	11	No	Oil	3	1956	40	2	0	3	1
176500	0.37	No	55	Yes	Electric	3	1380	36	1	1	3	1
183340	0.17	No	18	No	Gas	3	945	61	1	0	2	0
48500	0.34	No	105	No	Electric	2	1597	21	1	1	3	0
122055	0.15	No	17	No	Gas	3	1385	54	1	1	2	0
135900	0.19	No	0	No	Oil	4	1498	64	1	1	2	1
184000	0.45	No	35	No	Oil	3	1791	40	1	0	4	0
210000	4.99	No	12	No	Electric	3	2166	52	1	1	3	0
275000	1.03	No	43	No	Electric	3	1504	57	1	0	2	0
207000	0.27	No	27	No	Electric	3	1744	50	1	0	3	0
262420	0.36	No	21	Yes	Oil	3	1652	61	2	0	3	0
349900	0.44	No	0	No	Oil	4	2886	63	3	0	4	1
227000	0.47	No	10	No	Oil	3	1815	63	1	1	3	1
320150	1.02	No	13	Yes	Oil	3	1598	57	2	0	3	0
149300	0.16	No	20	No	Gas	3	912	51	1	1	2	0
260610	0.29	No	0	No	Oil	3	2530	63	2	1	3	1
880000	1	No	66	No	Electric	4	5106	62	4	1	4	2
309727	0.61	No	0	Yes	Oil	3	2780	57	2	1	5	1
150000	0.46	No	31	No	Gas	2	1200	57	1	0	3	0
216900	0.42	No	1	Yes	Oil	3	2620	63	3	0	3	1
146000	0.93	No	33	No	Gas	3	1563	64	1	1	3	0
313315	0.44	No	1	Yes	Oil	3	2510	40	2	1	4	1
260000	0.17	No	122	No	Oil	3	866	62	1	0	3	0
103500	0.38	No	11	No	Oil	3	1056	44	1	0	3	0
150000	0.43	No	17	No	Gas	3	1254	38	2	1	3	1
280000	0.5	No	7	No	Oil	3	2408	64	2	1	3	0
396146	0.36	No	1	Yes	Oil	3	3045	61	2	1	4	1
173000	0.33	No	32	Yes	Oil	3	1640	57	1	1	4	0
65000	0.16	No	24	No	Gas	3	768	27	1	0	2	0
339900	0.78	No	6	No	Oil	3	2445	60	2	1	4	1
450000	1.17	No	17	Yes	Gas	3	3388	63	2	1	3	1
137000	0.33	No	9	No	Electric	3	1100	50	1	0	3	0
55000	0.49	No	75	No	Electric	3	910	40	1	0	3	0
170000	0.02	No	17	Yes	Gas	3	1348	64	2	0	3	0
375000	0.57	No	6	Yes	Oil	3	3056	40	2	1	5	1
243000	0.73	No	10	No	Oil	3	1846	36	2	0	3	1
135500	0.34	No	46	No	Electric	3	999	50	1	0	3	0
305035	0.15	No	1	Yes	Oil	3	1680	57	2	1	2	1
120000	0.95	No	24	No	Oil	3	960	38	1	0	2	0
225000	0.08	No	105	No	Wood	3	1359	62	1	1	3	0
180000	0.65	No	48	No	Oil	3	2140	38	2	1	5	0
350000	0.18	No	94	No	Oil	3	2122	57	2	0	4	0
98500	0.16	No	19	No	Gas	3	912	52	1	1	2	0
289900	0.54	No	10	Yes	Oil	3	2120	40	2	1	3	0
239900	0.53	No	19	Yes	Oil	3	2040	63	2	1	4	1
139000	0.14	No	16	Yes	Gas	3	1343	64	1	1	2	1
172000	0.36	No	33	No	Oil	3	1926	57	2	1	4	1
129750	0.35	No	36	No	Oil	3	1800	52	1	0	4	0
169700	0.5	No	1	Yes	Oil	3	1840	52	2	1	3	0
249000	0.66	No	19	Yes	Oil	3	2217	63	2	1	4	1
299900	0.94	No	33	No	Electric	3	2362	64	3	0	4	0
265000	0.55	No	8	Yes	Oil	3	2276	64	2	1	4	1
124500	0.35	No	33	No	Oil	3	1392	57	2	0	5	0
175000	0.06	No	19	Yes	Oil	3	1326	64	1	1	2	0
88935	0.14	No	0	No	Oil	3	840	51	1	0	2	0
255000	0.56	No	17	Yes	Oil	3	2108	64	3	0	4	1
160000	0.45	No	27	No	Gas	3	1680	45	1	0	4	0
216457	0.25	No	0	Yes	Oil	3	2151	64	2	1	3	0
300000	0.57	No	1	No	Oil	3	2675	64	2	1	4	1
169900	0.23	No	0	No	Oil	3	1666	57	2	1	3	1
169695	0.39	No	0	No	Oil	3	1590	57	2	1	3	1
209000	0.37	No	19	Yes	Oil	3	1910	64	2	1	4	1
159600	0.49	No	40	No	Oil	3	2300	63	2	1	5	0
255900	0.33	No	2	No	Oil	3	1707	33	2	0	3	1
144200	1.19	No	16	No	Electric	2	1290	62	2	0	3	0
190300	0.43	No	18	No	Gas	3	1724	35	1	1	3	1
345000	0.75	No	4	Yes	Oil	3	3330	64	2	1	4	1
258000	0.19	No	110	No	Oil	3	1566	62	2	0	3	0
151000	0.15	No	13	No	Gas	3	1008	36	1	0	3	0
272000	0.23	No	9	Yes	Oil	3	1678	40	2	1	3	1
132000	0.15	No	16	No	Gas	3	1385	52	1	1	2	1
133797	0.06	No	20	No	Oil	3	1480	63	1	1	3	1
153000	0.55	No	17	No	Gas	3	1080	52	1	0	2	0
233000	0.09	No	12	Yes	Oil	3	2040	52	2	1	4	1
295000	0.03	No	16	Yes	Oil	3	1740	57	2	1	3	1
350000	5.84	No	12	Yes	Oil	4	2916	64	2	1	3	1
190000	0.39	No	29	No	Oil	3	2310	64	2	1	5	1
381307	0.45	No	1	Yes	Oil	3	3045	61	2	1	4	1
84500	0.24	No	106	No	Oil	3	1298	38	1	0	3	0
235000	6.49	No	31	Yes	Electric	3	2664	62	2	0	4	1
114000	0.26	No	26	No	Electric	3	1700	39	1	1	3	1
237500	0.58	No	16	Yes	Oil	3	2086	64	2	1	4	1
169600	0.31	No	18	No	Gas	3	1392	40	1	1	3	1
121900	0.92	No	83	No	Electric	2	1837	64	1	1	4	1
158500	0.27	No	28	No	Oil	3	1664	62	1	0	3	1
79900	0.18	No	154	No	Electric	3	950	54	1	1	2	0
245000	0.03	No	5	Yes	Oil	3	1428	62	2	1	2	1
500200	1.19	No	10	Yes	Oil	3	2702	64	2	1	3	1
245000	0.48	No	6	Yes	Oil	3	2524	64	2	1	4	1
168900	0.16	No	0	Yes	Oil	3	1672	57	2	1	3	0
439000	0.53	No	4	Yes	Oil	4	3085	62	2	1	4	1
149900	1	No	28	No	Electric	3	2012	52	1	0	3	0
95000	0.25	No	5	No	Oil	3	1058	36	1	1	2	0
159900	0.34	No	1	No	Oil	3	1944	71	2	0	3	1
115540	0.2	No	104	No	Oil	2	1074	57	1	0	3	0
239900	0.49	No	0	Yes	Oil	3	1868	33	2	1	3	1
449105	0.69	No	0	Yes	Oil	3	3434	64	2	1	4	1
38000	0.13	No	125	No	Wood	3	816	44	1	0	3	0
246000	0.57	No	34	No	Oil	3	2564	64	2	1	4	1
171500	0.31	No	37	No	Oil	3	1782	63	1	1	3	1
138000	0.31	No	39	No	Oil	3	1672	63	1	1	4	0
168365	0.16	No	1	No	Oil	3	1376	52	2	0	2	1
95000	0.14	No	115	No	Oil	3	1450	36	1	0	4	0
126000	3.96	No	2	No	Electric	3	720	30	1	0	2	0
219900	1.1	No	124	No	Electric	3	2289	60	1	1	4	1
137000	0.21	No	11	No	Oil	3	1616	64	2	1	3	1
178000	0.06	No	18	Yes	Gas	3	1302	64	2	1	2	0
272000	0.65	No	14	Yes	Oil	3	1836	62	1	1	3	1
265000	1.83	No	19	Yes	Oil	3	2120	64	2	0	3	1
180000	0.32	No	16	No	Gas	3	1561	52	1	1	3	1
303000	0.18	No	20	No	Gas	3	2240	57	2	1	4	1
207953	1.09	No	0	No	Oil	3	2051	52	2	1	4	1
214000	0.5	No	0	No	Oil	4	2293	52	2	1	4	1
174000	0.06	No	21	No	Oil	3	1479	61	1	1	3	0
490000	2.5	No	49	Yes	Electric	3	3208	75	3	0	4	2
235000	0.81	No	15	No	Electric	3	2120	57	3	1	4	1
165000	0.93	No	13	No	Oil	3	1352	64	1	0	3	0
215000	0.54	No	2	Yes	Oil	4	2225	57	2	1	4	1
290000	0.27	No	5	No	Oil	3	1879	64	2	1	3	1
150000	0.52	No	34	No	Electric	3	1664	63	1	1	3	0
112000	0.02	No	19	Yes	Oil	3	1281	63	2	1	2	1
201400	0.49	No	30	No	Oil	3	1876	64	2	1	3	1
315000	0.6	No	20	Yes	Oil	3	2702	64	2	1	4	3
107500	0.21	No	3	No	Oil	3	952	44	2	0	3	0
195000	0.33	No	16	No	Gas	3	1561	54	1	1	3	0
270000	0.32	No	4	Yes	Oil	3	2266	63	2	1	4	1
140000	0.16	No	17	No	Oil	3	1227	64	2	0	3	0
418900	0.5	No	1	No	Oil	3	2702	61	2	1	4	1
140000	1	No	78	No	Electric	3	1152	64	1	0	2	0
1155000	5.88	No	2	Yes	Oil	4	5632	57	5	1	4	1
175000	0.11	No	105	No	Oil	3	1331	62	1	0	3	0
215000	0.49	No	28	No	Oil	3	1196	64	2	0	4	1
210000	0.16	No	13	Yes	Oil	3	1352	61	1	1	2	1
149000	0.15	No	20	No	Gas	3	988	40	1	0	2	0
120000	0.21	No	76	Yes	Oil	3	1360	54	1	0	3	1
380000	0.04	No	18	Yes	Oil	3	1675	62	2	1	2	1
104900	0.14	No	0	No	Oil	3	1380	36	2	0	3	0
164700	0.18	No	103	No	Oil	3	1072	57	1	0	3	0
79500	2.96	No	16	No	Oil	3	1948	57	2	0	3	0
237000	0.27	No	23	Yes	Gas	3	1600	61	1	1	3	0
367500	0.27	No	2	Yes	Oil	3	2205	57	2	1	3	1
119900	0.18	No	2	Yes	Oil	3	840	36	1	0	1	0
295000	0.1	No	8	No	Oil	3	2048	63	2	1	3	1
286887	2	No	0	Yes	Electric	4	2524	71	2	1	3	1
167500	0.93	No	9	No	Electric	3	1248	62	2	0	3	0
270000	1	No	9	No	Oil	3	2110	64	2	1	3	1
208000	0.54	No	11	Yes	Oil	4	2190	57	2	1	4	0
232000	0.32	No	0	No	Oil	3	2100	64	2	1	4	0
315000	0.96	No	14	Yes	Oil	4	2538	57	2	1	4	1
374900	0.56	No	7	No	Oil	3	2526	62	2	1	4	1
300000	0.52	No	10	Yes	Oil	3	2436	64	2	1	4	1
168000	0.08	No	9	Yes	Oil	3	1536	36	1	1	3	0
285000	0.39	No	19	Yes	Gas	3	2300	62	2	1	4	1
290000	0.23	No	48	Yes	Oil	3	1402	57	2	1	3	0
189900	0.39	No	30	No	Oil	3	1618	63	1	1	4	1
214997	0.15	No	0	No	Oil	3	1845	52	2	1	2	1
185900	0.5	No	8	Yes	Oil	3	1865	54	2	1	3	0
240000	0.93	No	31	No	Electric	3	3284	71	2	0	4	1
149900	0.12	No	1	No	Oil	3	1242	41	2	0	2	1
1095250	1	No	17	Yes	Oil	4	4491	62	3	1	5	2
128500	0.1	No	113	No	Oil	3	1098	57	1	0	2	0
169900	2.02	No	9	No	Electric	3	1872	47	2	0	3	1
151400	0.18	No	52	No	Oil	3	1557	33	1	0	4	0
361921	0.46	No	1	Yes	Oil	3	2555	61	2	1	4	1
192000	0.63	No	15	No	Oil	3	2226	64	2	1	4	1
139000	0.44	No	30	No	Gas	3	1690	54	1	1	4	1
399000	0.25	No	152	No	Oil	3	2128	62	1	1	3	1
215000	0.4	No	30	Yes	Oil	3	2182	63	2	0	4	1
329000	5	No	5	Yes	Oil	3	2514	47	2	1	4	1
60000	0.4	No	0	No	Oil	4	2458	64	2	1	4	1
225000	0.47	No	2	Yes	Oil	3	1650	33	2	0	3	1
120000	0.13	No	22	No	Oil	3	924	61	1	0	2	1
424900	0.14	No	8	Yes	Oil	3	2088	62	2	1	3	0
487000	0.71	No	2	Yes	Oil	3	3152	64	3	1	4	1
147000	0.15	No	20	No	Oil	3	1184	40	2	0	3	1
229000	0.87	No	9	No	Oil	3	2219	64	2	0	3	1
120000	0.49	No	30	No	Oil	3	1272	57	1	0	3	0
185000	0.64	No	3	No	Electric	3	1440	21	2	0	2	0
128000	0.62	No	36	No	Electric	3	1360	57	1	1	3	0
315000	1	No	170	No	Oil	3	1374	36	1	1	3	1
330000	0.28	No	17	No	Oil	3	2274	61	2	1	4	1
288900	0.52	No	1	Yes	Oil	3	2179	64	2	1	4	1
415000	0.5	No	5	Yes	Oil	3	3337	63	2	1	4	1
60000	0.4	No	0	No	Oil	4	2458	64	2	1	4	1
107000	0.46	No	25	No	Oil	3	1712	51	1	0	3	1
124900	0.17	No	19	No	Gas	3	912	54	1	1	2	0
210000	0.15	No	123	No	Oil	4	1684	57	1	1	2	0
175000	1.88	No	18	Yes	Gas	4	1560	27	1	1	3	1
403000	0.14	No	1	Yes	Oil	3	3126	64	2	1	4	1
229860	0.47	No	0	Yes	Oil	3	1857	64	2	1	3	1
253000	0.45	No	32	No	Oil	3	1876	64	2	0	4	1
210500	0.02	No	15	No	Oil	3	1876	40	2	0	3	0
145435	0.35	No	0	Yes	Oil	3	1416	44	2	0	3	1
224900	0.11	No	25	No	Oil	3	2208	64	2	1	4	1
100600	0.17	No	19	No	Gas	3	912	52	1	1	2	0
202500	0.43	No	17	No	Gas	3	1704	63	2	1	3	1
174900	0.34	No	4	No	Electric	3	1976	45	2	1	4	1
127000	0.16	No	20	Yes	Oil	3	1314	63	1	1	2	1
115000	0.08	No	19	No	Gas	3	1480	64	1	1	3	0
130000	0.22	No	23	No	Gas	3	1012	63	2	0	3	0
141000	0.11	No	88	Yes	Oil	3	1464	41	1	0	2	0
386847	0.94	No	0	No	Oil	3	3310	63	2	1	5	1
101000	0.15	No	19	No	Gas	3	908	54	1	0	1	0
210000	0.47	No	27	No	Gas	3	2016	63	1	1	3	1
177895	0.57	No	0	No	Oil	3	1836	57	2	1	3	1
167000	0.99	No	17	No	Gas	3	1454	39	1	1	3	0
187000	0.24	No	21	Yes	Oil	3	1228	64	1	1	3	0
309000	1.89	No	10	Yes	Oil	3	2032	57	2	1	4	1
281000	0.49	No	7	Yes	Oil	3	2256	64	2	1	3	1
193127	0.19	No	0	Yes	Oil	3	1752	57	2	1	3	0
243000	0.34	No	0	Yes	Oil	3	2393	57	2	1	3	1
293540	0.37	No	0	Yes	Oil	5	2369	62	2	1	3	1
211950	0.36	No	1	Yes	Oil	3	2342	64	2	1	4	1
90000	0.21	No	18	Yes	Gas	3	1234	64	2	0	2	1
295000	0.14	No	29	No	Gas	3	1474	62	2	0	3	1
425000	0.69	No	3	Yes	Oil	3	2291	57	3	0	3	1
97400	0.17	No	19	No	Gas	3	988	52	2	0	2	1
358800	0.69	No	4	Yes	Oil	4	2826	62	2	1	4	1
317700	5.03	No	0	Yes	Oil	4	2258	52	2	1	3	1
450000	0.06	No	16	Yes	Oil	3	1809	62	2	1	3	1
565000	2	No	17	Yes	Oil	4	3084	62	2	1	4	2
299000	0.81	No	0	Yes	Oil	3	2936	64	2	1	4	1
186500	0.46	No	16	Yes	Oil	3	1631	57	2	0	3	1
199443	0.08	No	1	No	Oil	3	2026	27	2	1	4	1
234130	0.24	No	0	Yes	Oil	3	2217	63	2	1	4	1
119000	0.1	No	40	No	Electric	2	1189	21	1	0	3	0
170000	0.52	No	39	Yes	Oil	3	2247	38	2	1	5	1
267000	0.33	No	2	Yes	Oil	3	2455	64	2	1	4	2
148200	0.12	No	6	No	Oil	3	1432	64	1	1	3	1
165900	0.16	No	21	No	Gas	3	1184	40	1	1	2	0
155000	0.33	No	45	No	Oil	3	1234	36	1	1	3	0
165500	0.2	No	22	Yes	Oil	3	1375	64	1	1	2	1
195500	0.21	No	4	Yes	Oil	3	1292	54	2	0	3	0
172000	0.34	No	38	No	Oil	3	1368	40	1	1	3	0
165000	0.53	No	26	No	Gas	3	1632	57	1	1	3	1
230060	0.46	No	0	Yes	Oil	3	2134	64	2	1	3	1
367000	0.71	No	19	Yes	Oil	3	2736	61	2	1	4	1
97000	0.16	No	25	Yes	Oil	3	1132	64	1	0	2	1
145000	0.28	No	27	Yes	Gas	3	1671	57	1	1	3	0
259289	0.19	No	0	Yes	Oil	3	2244	57	2	1	4	1
300300	0.13	No	52	No	Oil	3	1208	62	1	0	3	0
137000	0.36	No	48	No	Oil	3	960	36	1	0	2	0
243000	0.82	No	12	No	Oil	3	2443	44	2	1	3	0
171000	0.25	No	9	Yes	Oil	3	1348	52	2	0	4	0
328000	0.7	No	18	Yes	Oil	3	2247	57	2	1	4	1
195000	0.46	No	28	No	Gas	3	1232	61	1	0	3	1
155000	2.15	No	1	Yes	Oil	3	1488	38	2	1	3	1
165360	0.35	No	13	No	Oil	3	1344	36	1	1	3	0
229000	2	No	14	No	Electric	3	2137	27	2	1	3	1
162000	0.24	No	33	No	Oil	3	1368	57	1	0	3	0
173000	0.33	No	16	Yes	Gas	3	1596	64	2	0	3	1
523005	0.05	No	0	No	Oil	5	2342	62	3	1	4	1
85900	0.13	No	15	No	Oil	3	1480	52	2	1	2	1
332750	0.01	No	41	No	Electric	3	1016	57	2	0	2	0
240000	0.15	No	103	No	Oil	2	1457	57	1	1	2	0
323413	5.76	No	1	Yes	Oil	4	2635	52	2	1	3	1
342202	0.44	No	1	Yes	Oil	3	2711	40	2	1	4	1
401115	0.53	No	1	Yes	Oil	3	3020	64	2	1	4	1
163500	0.16	No	14	No	Oil	3	1512	36	2	0	3	0
375000	0.47	No	1	Yes	Oil	3	2506	64	2	1	4	2
120820	0.34	No	1	No	Oil	3	1272	44	1	1	3	0
122700	0.25	No	33	No	Oil	3	936	57	1	0	3	0
237500	0.74	No	0	Yes	Oil	3	2374	64	2	1	4	1
367000	0.38	No	6	No	Oil	3	2651	40	2	1	3	1
82800	0.11	No	225	No	Oil	3	1483	52	1	0	3	0
155000	0.24	No	12	Yes	Oil	3	1728	52	2	1	3	0
147000	0.15	No	20	No	Oil	3	1184	40	2	0	3	1
122500	0.14	No	15	Yes	Oil	3	1480	54	1	1	3	1
172700	0.34	No	18	No	Gas	3	1638	52	2	0	3	1
160500	0.16	No	17	No	Gas	3	1514	54	1	1	3	1
240000	0.14	No	75	No	Oil	3	1216	57	1	1	3	0
138000	1.42	No	10	No	Oil	3	1296	36	2	0	2	0
220000	0.31	No	18	No	Oil	3	1656	54	2	0	3	1
252828	1	No	0	No	Oil	3	2649	64	2	1	4	1
89000	0.49	No	76	No	Oil	3	1568	52	1	0	4	1
180000	0.22	No	104	No	Oil	3	1052	57	1	0	3	0
238600	0.46	No	1	No	Oil	3	2404	64	2	1	4	1
200000	0.32	No	11	No	Oil	3	1336	63	2	0	3	0
274867	0.46	No	1	Yes	Oil	3	2777	64	2	1	4	1
106500	0.06	No	16	Yes	Gas	3	1302	64	1	1	2	0
115000	0.62	No	9	No	Oil	3	936	44	1	0	3	0
347000	0.35	No	12	Yes	Oil	3	1973	64	2	1	4	1
182000	0.35	No	40	Yes	Oil	4	2080	64	1	1	4	1
177500	0.31	No	19	No	Oil	3	1508	40	1	1	3	1
480000	0.34	No	5	Yes	Oil	3	2496	62	2	1	3	1
126900	0.25	No	10	No	Oil	3	1596	52	2	1	3	0
266000	0.61	No	47	No	Oil	3	1848	52	1	1	4	1
200800	0.3	No	24	Yes	Gas	3	1876	54	2	1	3	1
105000	0.36	No	20	No	Gas	3	1144	63	1	1	2	0
175000	0.22	No	4	Yes	Oil	3	1292	54	2	0	3	1
159500	0.29	No	26	Yes	Oil	3	1684	64	2	1	3	1
166500	0.1	No	115	No	Oil	3	812	62	1	0	2	0
900000	0.69	No	2	Yes	Oil	3	3800	57	3	1	4	3
157000	0.52	No	37	No	Oil	3	1464	57	2	1	3	1
189000	0.35	No	20	No	Gas	3	1301	40	2	0	2	1
499000	0.06	No	0	No	Oil	5	2161	62	2	1	3	1
85000	1	No	11	No	Electric	3	1056	41	1	0	3	0
212000	0.34	No	21	No	Gas	3	1508	51	1	1	3	0
240000	0.6	No	35	No	Oil	3	2708	64	2	1	5	2
192300	1.59	No	0	Yes	Oil	3	1806	52	2	1	3	1
218000	1.24	No	4	Yes	Oil	3	2187	64	2	1	4	1
210225	0.7	No	1	No	Oil	3	2404	57	2	1	4	0
198500	0.4	No	34	Yes	Oil	3	1326	57	1	1	3	1
238000	0.33	No	2	No	Oil	3	1984	64	2	1	3	1
155000	1.38	No	34	No	Oil	3	2307	82	1	1	2	1
839000	1	No	4	Yes	Oil	4	4544	62	4	1	4	1
122500	0.15	No	18	No	Gas	3	1184	54	1	1	2	0
97500	0.16	No	20	No	Gas	3	912	54	1	1	2	0
154000	0.14	No	20	No	Oil	3	1480	64	1	1	3	1
230000	0.58	No	70	No	Oil	3	1554	62	1	0	3	0
209900	0.17	No	83	No	Oil	4	1184	57	1	0	3	0
187628	0.01	No	0	Yes	Oil	3	1496	57	2	0	2	1
280000	0.3	No	1	Yes	Oil	3	1883	63	2	0	3	1
295000	0.95	No	9	No	Oil	3	2380	82	2	1	3	1
225000	0.77	No	50	No	Electric	3	792	20	1	0	2	1
147423	0.16	No	19	No	Gas	3	912	40	1	1	2	1
160000	0.15	No	18	No	Gas	3	1385	40	1	1	2	0
105000	0.49	No	227	No	Electric	3	1300	64	2	0	3	1
137900	0.14	No	12	Yes	Oil	3	1352	64	1	1	2	0
136000	0.27	No	24	No	Oil	3	1576	64	2	1	3	0
172165	0.24	No	35	Yes	Oil	3	1112	57	1	0	3	0
224690	0.52	No	1	Yes	Oil	3	2285	64	2	1	4	1
180000	0.46	No	36	Yes	Oil	3	1922	63	1	1	4	1
84000	0.8	No	56	No	Electric	3	1008	71	1	0	2	1
120000	0.14	No	31	No	Oil	3	1287	63	1	1	3	0
293500	0.49	No	10	Yes	Oil	3	1904	63	2	1	4	1
139900	0.36	No	22	No	Gas	3	1324	64	1	0	3	0
160000	0.16	No	21	No	Gas	3	1184	40	2	0	3	0
335610	0.41	No	1	Yes	Oil	3	2950	63	2	1	4	1
229000	0.75	No	8	No	Oil	3	1344	36	2	0	3	0
215270	0.54	Yes	116	No	Electric	3	1266	50	1	1	3	0
65000	0.22	No	73	No	Oil	3	1029	82	1	0	3	0
65000	0.27	No	75	No	Oil	3	1200	36	1	0	2	0
199000	1.36	No	52	No	Electric	3	1652	40	1	0	3	0
435500	0.05	No	2	Yes	Oil	5	3030	62	2	1	4	1
130000	0.19	No	21	No	Oil	3	1206	63	1	1	2	1
279000	0.19	No	1	Yes	Oil	3	2448	57	2	1	4	1
184350	0.59	No	0	No	Oil	3	2161	64	2	1	4	1
138000	0.15	No	20	No	Gas	3	912	40	1	1	2	0
220000	0.4	No	3	No	Oil	4	1664	23	2	0	3	0
192800	0.46	No	32	No	Electric	3	1304	62	1	0	3	1
269000	0.49	No	17	Yes	Oil	3	1605	61	1	1	3	1
208000	0.27	No	3	Yes	Oil	3	1557	64	2	1	3	1
129000	0.39	No	9	No	Electric	3	1484	39	2	1	3	1
243000	0.52	No	105	No	Electric	3	2105	50	1	0	5	0
128850	0.92	No	16	No	Gas	3	824	45	1	1	3	0
159400	0.52	No	8	No	Oil	3	1176	36	2	0	3	0
125000	2.04	No	80	No	Oil	3	1460	57	1	0	1	1
271500	0.46	No	16	Yes	Oil	3	2324	64	2	1	4	1
220000	0.63	No	20	No	Oil	3	1596	52	2	0	3	1
235000	5.2	No	27	Yes	Gas	3	2828	64	2	1	3	1
218000	0.21	No	142	No	Electric	3	1428	57	1	0	3	0
233500	0.41	No	20	No	Oil	3	1652	64	1	1	3	0
362500	0.02	No	17	Yes	Oil	3	1860	62	2	1	2	1
86125	0.01	No	14	No	Oil	3	960	33	1	1	2	0
190100	0.48	No	27	No	Oil	3	1872	52	2	1	4	1
327670	0.31	No	0	No	Oil	3	2555	64	2	1	3	1
134250	0.24	No	3	No	Electric	3	1456	21	2	0	3	0
340000	0.49	No	17	Yes	Oil	3	2360	64	2	1	4	1
216300	0.1	No	0	No	Oil	3	2360	52	2	1	4	0
140595	0.42	No	71	No	Electric	3	1350	61	1	0	3	0
270000	0.68	No	16	No	Gas	3	2016	38	1	1	3	0
53000	0.24	No	155	No	Oil	3	792	36	1	0	2	0
259000	0.91	No	28	No	Electric	2	832	57	1	0	2	0
264894	0.56	No	42	Yes	Oil	3	2900	61	2	1	6	1
82900	0.38	No	19	No	Oil	2	1055	57	1	0	2	0
60000	0.01	No	12	No	Oil	3	960	57	1	1	2	0
275000	0.46	No	6	Yes	Oil	3	2005	64	2	1	4	1
189400	1	No	1	No	Oil	4	2234	27	2	1	4	0
445000	1	No	8	Yes	Electric	4	3147	60	2	1	3	1
199100	0.14	No	13	Yes	Oil	3	1352	63	1	1	2	1
124000	0.06	No	19	No	Gas	3	1314	63	1	1	2	0
360000	0.5	No	13	Yes	Oil	3	3042	64	2	1	4	1
299000	1	No	16	Yes	Electric	3	2102	62	2	1	3	1
164000	0.68	No	16	No	Oil	3	1774	54	2	0	4	0
92000	0.17	No	16	Yes	Oil	3	1480	52	2	1	2	1
620000	0.53	No	23	No	Oil	4	3250	62	2	1	3	2
220000	1.24	No	25	No	Gas	3	2008	64	1	1	3	0
225000	0.03	No	8	Yes	Oil	4	1735	57	2	1	3	1
155000	0.22	No	39	Yes	Oil	3	1008	57	1	0	3	0
227000	1.2	No	20	Yes	Electric	3	2708	64	2	0	4	0
186900	2	No	0	No	Oil	3	2148	52	2	1	4	1
475000	0.66	No	0	Yes	Oil	3	2868	64	3	1	5	1
128800	0.35	No	0	Yes	Oil	3	1040	44	1	0	2	0
193056	0.17	No	0	No	Oil	3	1785	52	2	1	3	1
131000	0.46	No	43	No	Electric	3	1107	71	1	0	3	1
565000	0.26	No	7	Yes	Oil	3	2688	57	2	1	3	1
95000	0.62	No	23	No	Gas	3	960	57	1	0	4	0
162409	0.93	No	0	No	Oil	3	1650	36	2	1	3	0
121500	0.14	No	84	No	Oil	3	2576	41	2	0	5	0
445000	1	No	13	No	Oil	3	3208	62	2	1	4	1
254900	0.73	No	3	No	Oil	3	2240	64	3	0	4	0
162000	0.42	No	18	No	Gas	3	1656	50	1	1	3	0
570900	4	No	2	Yes	Oil	3	2228	50	2	1	3	1
200000	0.55	No	33	Yes	Oil	3	2468	64	2	0	3	1
210900	0.24	No	34	Yes	Oil	3	1120	62	1	1	3	1
315000	0.69	No	11	Yes	Oil	3	2172	57	2	1	3	1
107500	0.15	No	16	No	Oil	3	912	52	1	1	2	0
152400	1	No	210	No	Electric	3	1200	52	1	1	2	0
175000	0.34	No	27	No	Oil	3	1664	57	1	1	3	1
174000	0.13	No	16	Yes	Oil	3	1120	64	1	1	2	1
190000	0.57	No	35	Yes	Oil	3	2064	64	2	1	4	1
209268	0.5	No	0	No	Oil	5	1916	54	2	1	4	1
350000	0.5	No	18	Yes	Oil	3	2162	64	2	1	4	1
137000	0.08	No	21	No	Gas	3	1375	63	1	1	2	1
89000	0.1	No	133	No	Oil	3	2569	51	2	0	2	0
210860	0.31	No	0	Yes	Oil	3	1973	63	2	1	3	1
93500	0.64	No	41	No	Gas	3	1580	44	2	0	4	0
177500	5	No	123	Yes	Electric	3	1728	64	2	0	3	0
145000	0.16	No	19	No	Gas	3	1184	40	2	0	3	1
225000	0.2	No	52	No	Oil	3	1762	62	2	0	4	0
185000	0.31	No	36	No	Electric	2	1036	57	1	1	2	0
166000	0.06	No	6	No	Oil	3	1485	63	2	0	3	0
136900	0.15	No	18	No	Oil	3	1628	54	2	1	3	1
209000	0.48	No	30	No	Oil	3	1559	63	1	1	3	1
202000	0.55	No	4	Yes	Oil	3	1460	57	1	1	3	0
105000	0.26	No	50	No	Oil	3	1596	44	1	0	4	0
378000	0.62	No	14	No	Electric	3	3329	54	1	1	3	0
180000	0.48	No	20	Yes	Oil	3	1530	57	2	0	3	1
174900	0.34	No	4	No	Electric	3	1976	45	2	1	4	1
344100	1.05	No	40	Yes	Oil	4	2608	52	2	1	4	2
437000	1.51	No	1	Yes	Oil	3	2988	64	2	1	4	1
325000	0.38	No	4	No	Oil	3	2569	40	2	1	3	0
327000	0.67	No	5	Yes	Oil	3	1682	57	2	0	2	1
148000	1	No	17	No	Electric	3	1400	38	1	1	3	0
128000	0.15	No	19	No	Oil	3	1168	54	1	1	2	0
405000	1.1	No	12	Yes	Oil	3	2826	64	2	1	4	1
365000	0.62	No	3	No	Oil	3	2896	63	2	1	4	1
382406	0.44	No	1	Yes	Oil	3	2712	51	2	1	4	1
264500	0.46	No	34	No	Oil	3	2376	64	2	1	4	2
900000	0.42	No	114	Yes	Oil	3	4108	57	2	1	3	1
82200	0.11	No	49	Yes	Electric	3	965	57	1	0	2	0
165900	0.18	No	11	Yes	Oil	3	1352	63	1	1	2	0
172500	0.36	No	20	No	Gas	3	1302	54	1	1	3	1
239000	0.5	No	1	No	Oil	3	2308	64	2	1	4	1
335000	0.92	No	16	Yes	Oil	3	2274	64	2	1	4	1
232000	0.27	No	63	No	Electric	4	1224	57	1	0	2	0
174997	0.22	No	17	No	Oil	3	1480	40	1	1	3	0
115000	0.08	No	17	Yes	Oil	3	1302	64	1	1	2	0
205000	0.8	No	28	No	Oil	3	2488	57	2	1	4	1
150000	0.42	No	56	No	Electric	3	1328	63	1	0	3	0
187500	0.59	No	32	No	Oil	3	1857	64	2	1	4	1
152000	0.15	No	19	No	Gas	3	1385	51	1	1	2	0
152000	0.08	No	20	No	Gas	3	1480	64	1	1	3	0
132500	0.36	No	33	No	Oil	3	1368	57	1	0	3	0
185000	0.29	No	30	Yes	Oil	3	1738	57	2	1	4	0
142500	0.32	No	26	Yes	Oil	3	1260	52	2	1	2	2
329321	0.47	No	1	No	Oil	3	2668	63	2	1	4	1
145000	0.1	No	30	Yes	Oil	3	1287	63	1	1	3	0
238000	0.84	No	3	Yes	Oil	3	2064	57	2	1	4	1
222000	0.33	No	26	Yes	Oil	3	1400	64	2	0	3	1
121000	0.52	No	6	No	Oil	3	1164	44	2	0	3	0
327500	1.47	No	19	Yes	Gas	3	3150	63	2	1	5	1
415000	0.12	No	126	No	Oil	3	2126	57	2	0	3	0
95000	0.16	No	19	No	Gas	3	912	52	1	1	2	0
162000	1	No	13	No	Oil	3	1008	41	1	0	2	0
329900	0.5	No	9	Yes	Oil	3	2368	63	2	1	4	1
189150	0.49	No	28	Yes	Oil	3	1955	63	1	1	4	1
243000	1.4	No	33	No	Electric	3	1196	40	2	0	3	1
121000	0.21	No	37	No	Oil	3	1992	51	1	0	3	0
385900	0.4	No	1	Yes	Oil	3	3008	61	2	1	4	1
314230	0.51	No	1	Yes	Oil	5	2686	62	3	0	4	1
177000	0.3	No	34	Yes	Oil	3	1282	57	1	0	4	0
186120	0.2	No	1	No	Oil	3	1392	54	2	0	2	0
99900	0.11	No	119	No	Electric	3	1713	57	1	1	3	0
186500	0.34	No	46	Yes	Oil	3	1128	64	1	0	3	0
186000	0.76	No	54	No	Electric	3	1637	52	1	1	3	0
189900	0.38	No	19	No	Gas	3	1632	63	2	1	3	1
218800	0.46	No	11	No	Oil	3	1610	63	2	1	3	1
128000	1	No	50	No	Electric	3	792	40	1	0	2	0
239900	0.42	No	30	Yes	Oil	3	2259	63	2	1	4	1
239900	0.05	No	14	Yes	Oil	3	1512	40	1	1	3	1
197500	0.41	No	37	Yes	Oil	3	1674	63	1	1	3	1
299900	0.43	No	5	Yes	Oil	3	2084	64	2	1	3	2
295000	0.2	No	90	No	Oil	3	1272	57	1	1	3	0
211000	0.27	No	26	Yes	Oil	3	1758	63	2	0	4	1
172500	0.31	No	9	No	Oil	3	1004	54	1	0	2	0
150000	0.46	No	10	No	Oil	3	936	64	1	0	2	0
95000	0.17	No	15	No	Oil	3	1480	52	2	1	2	0
123500	0.18	No	20	No	Oil	3	1215	63	1	1	2	1
120000	0.24	No	113	No	Oil	2	1372	64	1	0	3	1
223298	0.56	No	13	No	Electric	4	1946	27	3	1	3	1
385000	2.21	No	0	No	Oil	3	2957	63	2	1	4	1
176900	0.7	No	11	No	Oil	3	1826	52	2	1	3	1
177500	0.33	No	18	No	Gas	3	1561	54	1	1	3	0
157900	0.44	No	31	No	Oil	3	1464	71	2	0	3	1
395520	0.55	No	0	Yes	Oil	3	3420	64	2	1	4	1
211000	0.53	No	33	No	Oil	3	1898	63	2	1	4	1
153238	0.44	No	7	Yes	Oil	3	1324	52	2	0	3	0
113500	0.43	No	74	No	Electric	3	1010	47	1	1	2	1
399630	0.7	No	0	Yes	Oil	3	3021	57	2	1	4	0
170000	0.16	No	18	No	Gas	3	1514	40	1	1	3	1
168000	0.6	No	33	No	Oil	3	1910	64	2	1	4	1
133000	0.76	No	10	No	Electric	3	1812	44	1	1	3	0
218000	0.34	No	19	Yes	Gas	3	1952	54	2	1	4	1
168000	0.25	No	10	Yes	Oil	3	1893	52	2	1	4	1
137000	0.36	No	48	No	Oil	3	960	36	1	0	2	0
202000	0.47	No	28	No	Gas	3	1222	64	1	0	2	0
159900	0.46	No	24	No	Oil	3	1506	54	1	1	3	1
122500	0.1	No	18	No	Gas	3	1480	64	1	1	3	0
198255	0.46	No	0	Yes	Oil	3	1762	33	2	1	3	1
199900	0.27	No	133	No	Electric	3	1800	57	2	0	3	1
175000	0.31	No	24	Yes	Oil	3	1876	52	2	1	3	1
105000	0.49	No	227	No	Electric	3	1300	64	2	0	3	1
187000	1	No	61	No	Oil	3	1512	52	1	1	4	1
233600	0.5	No	3	Yes	Oil	3	2308	47	2	1	4	1
268900	0.28	No	3	Yes	Oil	3	1674	57	2	1	3	0
106000	0.48	No	34	No	Oil	3	1296	57	1	0	3	0
211000	0.29	No	31	Yes	Oil	3	1886	64	1	1	3	1
112500	0.06	No	17	No	Oil	3	1480	54	2	1	2	1
107000	0.28	No	82	No	Oil	3	1568	63	1	0	3	0
190400	0.17	No	16	No	Oil	3	1920	57	1	1	3	1
206000	0.1	No	17	No	Oil	3	1610	36	2	0	3	0
367595	0.41	No	1	Yes	Oil	3	3249	51	2	1	4	1
391035	0.45	No	0	Yes	Oil	3	3169	64	2	1	4	1
322411	0.17	No	0	No	Oil	5	2748	62	2	1	4	1
316000	0.29	No	4	No	Oil	3	1924	40	2	1	3	0
195150	0.5	No	36	Yes	Oil	3	2015	63	1	1	3	1
250560	0.3	No	1	No	Oil	3	2160	61	2	1	3	1
291500	0.09	No	0	Yes	Oil	3	1828	57	2	1	3	1
228000	1.44	No	3	No	Electric	3	1797	27	2	0	3	0
177000	0.08	No	25	Yes	Gas	3	1780	63	2	1	3	1
360000	0.35	No	2	Yes	Oil	3	2506	50	2	1	3	1
175000	0.52	No	55	No	Electric	3	1908	36	2	0	4	1
185000	0.13	No	18	No	Oil	3	1348	64	1	1	2	0
148000	0.39	No	31	Yes	Oil	3	1794	57	1	1	3	1
164900	0.08	No	24	Yes	Gas	3	1792	64	2	1	2	1
385000	0.17	No	72	No	Oil	3	2329	62	2	0	5	0
225000	0.41	No	31	No	Oil	3	1734	63	2	1	4	1
860000	1	No	3	Yes	Oil	4	4076	57	3	1	4	1
80000	0.17	No	20	No	Gas	3	924	63	1	0	2	0
180000	0.25	No	20	No	Gas	3	1227	64	2	0	2	0
210511	0.42	No	1	Yes	Oil	3	1404	50	2	0	3	1
434900	0.6	No	4	Yes	Oil	3	3271	63	2	1	4	1
251410	0.29	No	1	Yes	Oil	3	2733	63	2	1	4	1
326500	0.57	No	4	Yes	Oil	3	2768	64	2	1	4	1
335000	3.28	No	11	Yes	Electric	3	1900	43	2	1	3	1
155000	0.57	No	59	No	Oil	3	1498	75	1	0	2	1
135000	0.02	No	17	Yes	Gas	3	1296	64	2	1	2	0
437000	0.48	No	2	Yes	Oil	3	2901	61	2	1	4	1
392712	0.6	No	1	Yes	Oil	3	2808	64	2	1	4	1
205000	0.36	No	49	No	Electric	3	1964	60	1	0	2	1
199900	0.32	No	42	Yes	Oil	4	1528	62	1	1	3	1
219000	0.9	No	20	No	Oil	3	1816	57	1	1	3	1
155000	0.3	No	33	Yes	Oil	3	1368	62	2	0	3	1
149900	0.34	No	35	No	Oil	3	1658	71	1	1	3	1
174250	0.16	No	18	No	Gas	3	1592	40	1	1	3	1
350025	2.74	No	0	Yes	Oil	3	3500	52	2	1	4	1
139000	0.34	No	36	No	Electric	3	1040	39	2	0	3	0
105500	0.16	No	19	No	Oil	3	912	52	1	1	2	0
320000	0.24	No	1	Yes	Oil	3	2581	63	2	1	4	1
217400	0.43	No	27	No	Oil	4	2336	63	1	1	3	1
187000	1	No	5	No	Oil	3	1560	36	2	0	3	1
495000	0.58	No	10	Yes	Oil	3	3358	63	3	1	4	1
197900	0.5	No	3	Yes	Oil	4	1745	52	2	1	3	1
245000	0.47	No	19	No	Oil	3	2300	63	2	1	5	1
255000	0.25	No	12	No	Oil	3	1400	57	2	0	3	0
290200	1.43	No	17	No	Electric	3	2215	63	2	0	3	1
127200	0.28	No	104	No	Oil	3	1000	54	2	0	3	0
294000	3.32	No	0	Yes	Oil	3	3050	52	2	1	4	1
192145	0.17	No	0	No	Oil	3	1816	52	2	1	3	1
157731	0.54	No	36	No	Oil	3	1954	64	2	0	4	1
234000	0.56	No	31	No	Oil	3	2625	63	2	1	4	1
328900	0.32	No	5	Yes	Oil	3	2248	40	2	1	4	1
400370	0.28	No	0	No	Oil	3	3299	63	2	1	4	1
184000	0.5	No	34	Yes	Oil	3	1896	63	2	1	4	1
262000	0.46	No	0	No	Oil	3	2364	33	2	1	4	1
189900	0.16	No	75	No	Oil	3	1323	62	1	1	3	0
153600	0.14	No	15	Yes	Oil	3	1343	64	1	1	2	0
162500	0.18	No	13	No	Oil	3	1756	57	2	0	4	0
135500	1	No	20	Yes	Oil	2	1461	57	1	1	3	0
349900	0.44	No	0	No	Oil	4	2886	63	3	0	4	1
91900	0.29	No	34	No	Oil	3	1018	57	1	0	3	0
487000	0.69	No	4	Yes	Oil	3	2291	62	3	0	3	1
385900	0.56	No	7	No	Oil	3	2406	64	2	1	4	0
215000	0.14	No	130	No	Oil	3	1320	57	1	1	3	0
89625	0.21	No	0	No	Oil	3	840	51	1	0	2	0
126500	0.15	No	48	No	Electric	3	1318	57	1	0	4	0
138500	0.32	No	36	Yes	Oil	3	1558	54	1	0	3	1
260000	0.54	No	18	No	Oil	3	1983	61	2	1	4	1
60000	0.01	No	13	No	Oil	3	960	41	1	1	2	0
122000	0.17	No	16	No	Gas	3	1240	52	1	1	2	1
140000	0.16	No	37	Yes	Oil	3	864	57	1	1	3	0
126000	2.5	No	10	No	Electric	3	1170	57	2	0	2	0
168000	0.27	No	33	No	Oil	3	1272	62	1	0	3	0
175495	0.23	No	0	No	Oil	3	1734	64	2	1	3	0
199500	1.5	No	65	No	Electric	3	1525	75	1	0	3	2
245000	0.48	No	37	No	Oil	3	2310	63	2	1	5	1
415000	0.54	No	11	Yes	Oil	3	3260	64	2	1	4	1
294000	0.38	No	4	Yes	Oil	3	1996	63	2	1	3	1
228000	0.29	No	10	Yes	Oil	3	1914	82	2	1	4	1
254000	0.3	No	2	Yes	Oil	3	1914	64	2	0	3	0
292000	1.29	No	6	Yes	Electric	3	2053	64	2	1	3	1
209900	0.63	No	34	No	Oil	3	1196	64	1	0	4	1
114000	0.21	No	104	No	Oil	3	1476	38	1	1	4	0
144000	0.44	No	15	No	Gas	3	1676	51	1	1	4	1
389000	0.63	No	3	Yes	Oil	3	3440	63	2	1	4	1
158000	0.66	No	6	No	Oil	3	1476	36	2	0	3	0
650000	2	No	18	Yes	Oil	4	3684	62	3	1	4	2
110000	0.35	No	41	No	Oil	3	960	38	1	0	3	0
133000	0.45	No	27	No	Gas	3	1371	57	1	0	3	0
367000	0.38	No	6	No	Oil	3	2651	40	2	1	3	1
244950	0.19	No	10	Yes	Oil	3	1540	62	2	0	3	0
99078	0.22	No	45	No	Electric	3	2550	27	2	1	3	1
149000	0.91	No	134	No	Oil	3	2145	41	1	1	5	0
125000	0.13	No	114	No	Oil	3	1107	57	1	0	1	0
309278	0.02	No	17	Yes	Oil	3	1650	57	2	1	2	1
157000	0.16	No	17	No	Gas	3	1492	54	2	1	3	1
110000	1	No	61	No	Electric	3	1013	64	1	0	3	0
245000	1	No	7	No	Oil	4	2038	54	2	1	4	1
118000	0.15	No	17	No	Gas	3	1240	54	1	1	2	0
143000	4.25	No	75	No	Electric	2	1600	62	1	1	4	0
30000	0.28	No	66	No	Electric	2	1050	27	1	0	2	0
113000	0.06	No	13	Yes	Oil	3	1290	57	1	1	2	1
155000	3.1	No	103	No	Electric	3	1646	30	1	0	4	1
415000	0.23	No	6	Yes	Oil	3	2964	57	2	1	4	1
262000	0.29	No	5	Yes	Electric	3	1487	36	3	0	3	0
166900	0.75	No	3	No	Oil	3	1272	38	1	1	3	0
253750	2	No	0	Yes	Oil	4	2816	71	2	1	4	1
311000	0.54	No	10	Yes	Oil	3	2120	40	2	1	3	0
191000	0.73	No	7	No	Oil	3	1678	52	2	1	3	1
118000	0.22	No	17	No	Oil	3	1480	54	1	1	3	0
194900	0.39	No	9	No	Oil	3	1099	51	1	0	2	0
213900	0.3	No	1	No	Oil	4	2237	63	2	1	4	1
110000	0.25	No	14	Yes	Gas	3	1290	57	1	1	2	0
294000	0.42	No	15	Yes	Oil	3	3654	64	2	1	4	1
152673	0.12	No	1	Yes	Oil	3	1242	41	2	0	2	1
235000	0.31	No	11	No	Oil	4	1344	57	2	0	3	0
135900	0.14	No	1	No	Oil	4	1498	64	2	1	2	1
139062	0.69	No	33	No	Oil	3	1440	44	2	0	3	2
290000	0.63	No	13	Yes	Oil	3	2620	62	2	1	4	1
186000	0.16	No	2	Yes	Oil	3	1247	57	2	0	3	0
186000	0.27	No	114	No	Oil	3	1660	57	1	1	4	1
475000	1.11	No	1	Yes	Oil	3	2645	62	2	1	3	1
318310	0.23	No	1	No	Oil	3	2616	62	2	1	4	1
128100	0.25	No	38	No	Oil	2	1490	57	1	1	3	0
105000	0.16	No	17	No	Gas	3	912	52	1	1	2	1
146810	0.38	No	24	No	Oil	3	1664	64	2	0	3	1
195000	0.55	No	34	No	Oil	3	2310	64	2	1	4	1
270000	0.39	No	21	No	Oil	3	1910	64	2	1	4	1
161000	0.31	No	10	Yes	Oil	3	1542	52	2	1	3	0
282500	0.05	No	12	Yes	Oil	3	1550	57	2	1	2	1
266900	1.19	No	0	Yes	Oil	3	2499	63	2	1	4	1
179400	1.48	No	1	No	Oil	3	2160	27	2	1	4	0
165000	0.33	No	9	No	Oil	3	1341	54	2	0	2	0
100000	0.16	No	16	Yes	Oil	3	1480	52	1	1	3	1
320210	0.81	No	1	No	Oil	3	2492	40	2	1	3	1
268500	0.31	No	12	Yes	Oil	3	2299	64	2	1	4	1
276550	0.4	No	1	No	Oil	3	2498	40	2	1	4	1
303000	0.16	No	128	No	Oil	3	1414	62	2	1	2	0
132000	0.24	No	51	No	Oil	3	960	38	1	0	3	0
151000	0.37	No	33	Yes	Oil	3	1239	62	1	0	3	1
314500	1.64	No	10	Yes	Oil	3	1836	51	2	1	4	0
115000	0.06	No	16	No	Gas	3	1302	64	1	1	2	0
157000	0.16	No	18	No	Gas	3	1240	40	2	0	3	0
239900	0.38	No	12	No	Oil	3	2008	36	2	0	3	1
179900	0.57	No	7	No	Oil	3	1158	64	1	1	3	0
153000	2.06	No	6	No	Electric	3	1508	30	2	0	3	0
166344	0.31	No	0	No	Oil	3	1640	47	1	1	3	0
405000	0.58	No	6	No	Oil	3	3124	57	3	0	4	1
204580	2.26	No	6	No	Electric	3	1344	50	2	0	3	0
214000	0.25	No	39	No	Oil	2	1490	57	1	1	3	0
263800	0.35	No	4	Yes	Oil	3	1911	57	2	1	3	1
200600	0.24	No	0	No	Oil	3	1425	64	2	0	3	0
319449	0.39	No	1	No	Oil	3	2699	40	2	1	4	1
225000	0.27	No	9	Yes	Oil	3	1952	54	2	1	3	1
278000	0.69	No	37	No	Oil	3	2310	61	2	1	5	1
244900	0.74	No	0	No	Oil	4	1931	63	2	0	3	1
139100	0.06	No	21	No	Gas	3	1479	63	1	1	3	0
207635	0.31	No	1	No	Oil	3	1710	63	2	1	3	1
158000	0.46	No	27	No	Gas	3	960	36	1	0	2	0
150000	2.34	No	204	No	Oil	3	2832	63	2	0	4	1
155000	0.41	No	13	No	Oil	3	1944	51	1	1	3	1
179900	0.38	No	38	Yes	Oil	3	1400	62	1	0	4	1
234672	0.35	No	1	No	Oil	5	2250	54	2	1	3	0
315000	0.17	No	4	Yes	Oil	3	1407	62	2	0	3	1
263000	0.29	No	4	Yes	Oil	3	2195	62	2	1	3	1
219000	0.4	No	30	No	Oil	3	2310	63	2	1	4	1
257732	0.23	No	9	No	Oil	3	1600	40	2	1	3	1
310000	0.17	No	169	No	Oil	3	3347	57	2	1	6	2
450000	2.02	No	13	No	Oil	3	3136	64	2	1	4	0
381500	0.15	No	2	Yes	Oil	3	2162	57	2	1	3	1
244900	0.46	No	15	Yes	Oil	3	2027	63	2	1	3	1
120000	2.6	No	10	No	Electric	3	2206	57	2	1	3	1
375000	0.14	No	6	Yes	Oil	3	2252	57	2	1	3	0
125000	0.32	No	18	No	Gas	3	945	63	1	0	2	1
195000	0.42	No	38	No	Oil	3	1552	63	1	1	4	1
332000	1	No	11	Yes	Oil	3	2734	63	2	1	3	0
279156	0.08	No	0	Yes	Oil	3	2637	64	2	1	4	1
149000	0.32	No	27	No	Oil	3	1760	41	1	0	4	0
287600	0.07	No	0	Yes	Oil	3	2242	57	2	1	3	0
335000	0.62	No	2	Yes	Oil	3	2906	64	2	1	4	1
368193	0.72	No	0	Yes	Oil	3	3433	64	2	1	4	1
569000	0.46	No	2	Yes	Oil	4	2972	62	3	0	5	1
115000	0.15	No	17	No	Gas	3	1385	54	1	1	2	0
262900	0.18	No	4	No	Oil	3	1785	40	2	1	3	0
183000	0.19	No	26	Yes	Oil	3	1132	64	1	0	2	1
369900	0.98	No	2	No	Oil	3	2360	57	3	0	4	1
190000	0.12	No	21	Yes	Oil	3	1227	61	2	0	2	1
279489	0.24	No	0	No	Oil	3	2614	63	2	1	4	1
275000	0.28	No	18	Yes	Oil	3	2096	64	3	0	3	1
225000	0.63	No	3	Yes	Oil	3	2235	52	2	1	4	1
510175	0.54	No	0	Yes	Oil	3	3404	61	2	1	4	1
165000	5.71	No	213	No	Electric	3	2592	57	2	0	4	1
154900	0.46	No	14	Yes	Oil	3	1136	52	2	0	3	0
44000	0.18	No	139	No	Electric	3	1248	20	1	1	3	0
265400	0.36	No	27	No	Oil	3	2612	61	2	1	4	1
381220	0.24	No	0	Yes	Oil	3	2716	57	2	1	3	0
159500	0.21	No	18	No	Gas	3	1278	21	1	0	3	0
279900	0.47	No	6	Yes	Oil	3	2340	64	3	1	4	1
160000	0.14	No	12	Yes	Oil	3	1064	63	1	1	2	0
152000	0.21	No	16	No	Oil	3	1253	63	1	1	2	1
162515	0.36	No	0	No	Oil	3	1590	57	2	1	3	1
214325	0.42	No	0	Yes	Oil	4	2554	64	2	1	4	1
324000	0.43	No	1	Yes	Oil	4	2392	43	2	1	3	0
245000	0.42	No	18	Yes	Oil	3	2045	63	2	1	4	1
188500	0.57	No	32	No	Oil	3	2608	64	2	1	4	1
460000	0.71	No	1	Yes	Oil	3	3152	63	3	1	4	1
80500	0.01	No	14	No	Oil	3	960	33	1	1	2	0
101000	0.16	No	19	No	Gas	3	912	52	1	1	2	0
82900	0.25	No	19	No	Oil	2	1412	57	1	1	2	1
199900	0.21	No	17	Yes	Oil	3	1180	64	1	1	2	1
136990	0.06	No	20	No	Oil	3	1480	63	1	1	3	1
67000	0.92	No	39	No	Electric	2	1280	21	1	0	3	1
141000	0.16	No	17	No	Gas	3	1514	54	1	1	3	0
102800	0.08	No	18	No	Gas	3	1140	64	1	1	2	0
159000	0.86	No	11	No	Oil	3	1728	36	2	1	4	0
215100	1.29	No	4	No	Oil	3	1505	36	3	0	3	0
161200	2	No	20	No	Electric	3	1320	60	2	0	3	0
202000	0.23	No	62	No	Gas	3	1466	54	1	0	3	1
290000	0.48	No	17	Yes	Oil	3	2352	63	2	1	3	2
191405	0.71	No	0	Yes	Oil	3	1766	52	2	0	3	1
150000	0.41	No	24	Yes	Oil	3	2488	57	2	0	3	1
108875	0.42	No	0	No	Oil	3	1580	36	2	0	3	0
129000	0.29	No	38	No	Oil	3	1300	44	1	1	4	1
345000	0.56	No	20	Yes	Oil	4	3389	57	2	1	5	1
150000	0.15	No	17	No	Gas	3	1385	54	1	0	2	1
155547	0.14	No	105	No	Oil	3	1669	33	1	1	3	0
399900	0.53	No	3	Yes	Oil	4	2688	50	2	1	4	1
298700	6.5	No	27	No	Gas	3	2232	40	1	1	4	2
182900	0.29	No	0	No	Oil	4	1772	64	2	0	3	1
350000	0.56	No	8	No	Oil	3	2760	63	3	1	4	1
422500	0.79	No	1	Yes	Oil	3	2306	61	2	1	3	1
525000	1.43	No	17	Yes	Oil	3	3982	64	3	1	4	2
265000	0.36	No	2	Yes	Oil	3	1865	36	2	1	3	1
171000	0.37	No	18	Yes	Oil	3	1548	52	2	0	3	1
126100	0.15	No	17	No	Gas	3	1385	54	1	1	2	0
175000	0.41	No	88	No	Electric	3	1574	33	1	0	3	0
189540	0.27	No	0	No	Oil	3	1728	64	2	1	3	1
124000	0.09	No	13	No	Gas	3	920	40	1	0	3	0
259500	0.3	No	15	Yes	Oil	3	2219	57	2	1	4	1
226497	1.5	No	0	No	Oil	4	1956	54	2	1	3	0
160000	0.25	No	15	Yes	Gas	3	1290	57	1	1	2	0
139900	0.2	No	6	No	Oil	3	1058	35	1	1	2	0
159000	0.22	No	18	Yes	Oil	3	1180	63	1	1	2	1
367000	0.03	No	19	Yes	Oil	3	1815	62	2	1	2	1
222500	0.68	No	20	No	Oil	4	2002	71	2	1	3	1
119680	0.02	No	120	No	Electric	3	524	64	1	0	2	0
120975	0.13	No	0	No	Oil	3	1380	36	2	0	3	0
195000	0.12	No	8	Yes	Oil	3	1728	38	2	1	3	0
263000	0.77	No	12	No	Oil	3	1512	36	2	0	3	1
205000	0.31	No	16	No	Oil	3	1760	52	2	0	3	1
120000	0.34	No	21	No	Oil	2	1392	57	1	1	3	0
166000	0.14	No	16	Yes	Gas	3	1343	63	2	1	2	1
380000	0.23	No	7	Yes	Oil	3	1828	62	2	1	3	1
210000	0.37	No	18	No	Oil	3	2263	64	2	1	4	1
95000	0.7	No	48	No	Oil	3	1080	57	1	0	2	0
644091	2.54	No	1	Yes	Oil	3	3953	54	3	0	4	1
82500	0.18	No	104	No	Electric	3	1678	36	1	1	4	0
194000	6.15	No	64	No	Electric	3	1960	64	1	1	3	1
251325	0.23	No	0	Yes	Oil	3	2188	64	2	1	4	1
136500	0.46	No	47	No	Oil	3	775	54	1	0	2	0
279900	0.46	No	9	Yes	Oil	3	2120	64	2	1	4	1
182900	0.61	No	1	No	Oil	3	2139	64	2	1	4	1
204000	0.94	No	11	No	Oil	3	1773	64	1	1	3	0
453275	0.64	No	1	Yes	Oil	4	2807	51	2	1	3	1
165000	0.55	No	11	No	Electric	3	2038	27	2	0	4	0
186000	0.48	No	13	No	Oil	3	2274	64	2	1	4	1
135900	0.2	No	1	No	Oil	4	1498	64	2	1	2	1
239900	0.41	No	39	No	Oil	3	1960	57	2	0	4	0
199000	0.23	No	11	No	Oil	3	1654	54	2	1	3	0
130000	0.16	No	25	Yes	Oil	3	1080	54	1	0	2	1
219000	0.49	No	7	No	Oil	3	1825	64	2	1	3	0
194900	0.48	No	17	Yes	Oil	3	1897	64	2	1	4	1
97000	0.17	No	19	No	Oil	3	912	52	1	1	2	0
153000	0.03	No	9	Yes	Oil	3	1480	57	2	1	2	1
165830	0.06	No	20	Yes	Oil	3	1375	64	1	1	2	1
263900	1.01	No	1	Yes	Oil	3	2016	33	2	1	3	1
217561	0.37	No	0	Yes	Oil	3	2602	57	2	1	3	1
419680	0.67	No	0	Yes	Oil	4	3544	57	2	1	4	1
126000	0.34	No	45	Yes	Oil	3	1316	60	1	0	3	1
126000	0.29	No	32	No	Oil	3	1368	57	1	0	3	0
194900	0.35	No	2	Yes	Oil	3	1678	33	2	1	3	1
166000	0.35	No	14	No	Oil	3	1784	52	1	1	3	1
470000	3.02	No	17	Yes	Oil	3	3768	82	4	0	6	2
319900	0.67	No	6	Yes	Oil	3	2725	64	2	1	5	1
121680	0.15	No	16	No	Gas	3	1385	52	1	1	2	0
146500	0.02	No	20	Yes	Gas	3	1281	64	2	1	2	0
199000	0.46	No	37	No	Oil	3	2302	64	2	1	4	1
207000	0.33	No	16	No	Gas	3	1801	54	1	1	3	0
228000	0.28	No	31	Yes	Oil	3	1886	64	1	1	3	1
291000	0.51	No	2	No	Oil	4	2469	57	2	1	4	1
130900	0.11	No	1	Yes	Oil	3	840	36	1	0	2	0
262500	0.73	No	22	Yes	Oil	3	2000	64	2	1	3	0
338000	0.37	No	1	Yes	Oil	3	3017	61	2	1	4	1
323168	0.08	No	0	No	Oil	3	2842	63	2	1	4	1
480000	2.25	No	8	Yes	Oil	3	3104	77	2	0	3	1
248645	0.5	No	0	No	Oil	3	2082	52	2	1	3	1
240000	0.45	No	35	No	Oil	3	1846	64	1	1	3	1
249900	0.5	No	1	Yes	Oil	4	1700	52	2	0	3	1
377900	0.56	No	1	Yes	Oil	3	3352	64	2	1	4	1
329900	0.55	No	5	Yes	Oil	3	3168	64	4	0	4	2
237500	0.5	No	15	Yes	Gas	3	2034	63	2	1	4	1
155000	0.19	No	70	No	Electric	3	1152	50	2	0	4	1
131500	0.06	No	20	Yes	Oil	3	1480	63	1	1	3	1
177000	0.57	No	27	No	Oil	3	1368	62	1	0	3	0
301000	0.03	No	19	Yes	Oil	3	2064	62	2	1	3	1
319000	0.46	No	26	Yes	Electric	3	2588	64	2	1	4	1
79900	0.36	No	46	No	Oil	3	672	38	1	0	2	0
328000	0.31	No	3	Yes	Oil	3	2498	57	2	1	4	1
295900	0.15	No	145	Yes	Oil	3	1586	62	1	1	2	0
201000	0.58	No	208	No	Electric	3	1500	71	1	1	4	2
108900	0.16	No	17	No	Gas	3	908	52	1	0	2	0
187900	0.28	No	0	No	Oil	4	1772	64	2	0	3	1
155000	0.75	No	53	No	Electric	3	1608	57	2	0	3	1
274779	0.55	No	1	Yes	Oil	3	2969	64	2	1	4	1
229900	0.66	No	0	Yes	Oil	3	1868	39	2	0	2	1
190000	0.35	No	16	No	Oil	3	2025	64	2	1	4	1
289250	0.42	No	14	No	Electric	3	2560	64	2	1	4	1
221110	0.26	No	1	Yes	Oil	3	2072	41	2	1	3	1
279000	0.43	No	38	No	Oil	3	2498	64	2	1	4	1
207000	0.3	No	38	No	Oil	3	1944	62	1	1	5	0
400000	0.12	No	7	Yes	Oil	3	2115	62	2	1	3	0
344000	0.53	No	3	No	Oil	3	2895	63	2	1	4	1
293965	0.01	No	0	Yes	Oil	4	1589	57	2	0	2	1
399500	0.37	No	1	Yes	Oil	3	2960	40	2	1	4	1
116000	0.16	No	20	No	Gas	3	912	54	1	1	2	0
120000	0.35	No	7	No	Oil	3	1148	44	1	0	3	0
266500	0.52	No	18	No	Gas	3	1608	64	2	1	3	0
195000	0.29	No	3	No	Oil	3	1552	36	2	1	3	1
50000	0.14	No	73	No	Electric	3	840	35	1	0	2	0